0: []
1: []
2: []
3: []
4: []
5: []
6: []
7: []
8: [8]
9: [8]
10: [8]
11: []
12: []
13: []
14: [14]
15: [14]
16: [14]
17: [14]
18: [14]
19: [14]
20: []
21: []
22: [22]
23: [22]
24: [22]
25: [22]
26: [22, 26]
27: [26]
28: [26, 28]
29: [26, 28, 29]
30: [26, 28, 29]
31: [26, 28, 29, 31]
32: [26, 28, 29, 31]
33: [26, 28, 29, 31]
34: [28, 29, 31]
35: [28, 29, 31]
36: [28, 29, 31]
37: [28, 29, 31]
38: [28, 29, 31]
39: [28, 29, 31]
40: [29, 31]
41: [29, 31]
42: [29, 31]
43: [29, 31]
44: [31]
45: [31]
46: [31]
47: [31]
48: [31]
49: [31, 49]
50: [49]
51: [49]
52: [49]
53: [49]
54: [49]
55: [49]
56: [49]
57: [49]
58: []
59: []
60: []
61: []
62: [62]
63: [62]
64: [62]
65: [62]
66: [62]
67: [62, 67]
68: [62, 67]
69: [67]
70: [67]
71: [67]
72: [67]
73: [67]
74: []
75: []
76: [76]
77: [76]
78: [76]
79: [76]
80: [80]
81: [80]
82: [80, 82]
83: [80, 82]
84: [80, 82]
85: [80, 82]
86: [80, 82]
87: [80, 82]
88: [82]
89: [82]
90: [82]
91: [82]
92: [82]
93: [82, 93]
94: [82, 93]
95: [93]
96: [93]
97: [93]
98: [93]
99: [93, 99]
100: [93, 99]
101: [93, 99]
102: [99, 102]
103: [99, 102]
104: [99, 102]
105: [99, 102]
106: [99, 102]
107: [99, 102]
108: [99, 102]
109: [99, 102]
110: [102]
111: [102]
112: [102]
113: []
114: []
115: []
116: []
117: [117]
118: [117]
119: [117]
120: [117]
121: []
122: []
123: []
124: []
125: [125]
126: [125]
127: [125]
128: [125, 128]
129: [125, 128]
130: [125, 128]
131: [125, 128]
132: [128]
133: [128]
134: [128, 134]
135: [134]
136: [134]
137: [134]
138: [134]
139: [134]
140: [134]
141: [134, 141]
142: [141, 142]
143: [141, 142]
144: [141, 142]
145: [141, 142]
146: [141, 142, 146]
147: [142, 146, 147]
148: [142, 146, 147]
149: [142, 146, 147, 149]
150: [142, 146, 147, 149]
151: [142, 146, 147, 149, 151]
152: [142, 146, 147, 149, 151]
153: [142, 146, 147, 149, 151]
154: [146, 147, 149, 151]
155: [146, 147, 149, 151]
156: [146, 147, 149, 151]
157: [146, 147, 149, 151]
158: [146, 147, 149, 151]
159: [146, 147, 149, 151]
160: [147, 149, 151]
161: [147, 149, 151]
162: [147, 149, 151, 162]
163: [149, 151, 162]
164: [149, 151, 162]
165: [149, 151, 162, 165]
166: [151, 162, 165]
167: [151, 162, 165]
168: [151, 162, 165]
169: [151, 162, 165, 169]
170: [151, 162, 165, 169]
171: [151, 162, 165, 169]
172: [151, 162, 165, 169]
173: [151, 162, 165, 169]
174: [162, 165, 169]
175: [162, 165, 169]
176: [162, 165, 169]
177: [162, 165, 169]
178: [162, 165, 169]
179: [162, 165, 169]
180: [162, 165, 169]
181: [162, 165, 169]
182: [165, 169]
183: [165, 169]
184: [165, 169, 184]
185: [165, 169, 184]
186: [169, 184, 186]
187: [169, 184, 186]
188: [169, 184, 186, 188]
189: [184, 186, 188]
190: [184, 186, 188]
191: [184, 186, 188]
192: [184, 186, 188]
193: [184, 186, 188, 193]
194: [184, 186, 188, 193]
195: [184, 186, 188, 193, 195]
196: [184, 186, 188, 193, 195]
197: [186, 188, 193, 195, 197]
198: [186, 188, 193, 195, 197]
199: [186, 188, 193, 195, 197]
200: [186, 188, 193, 195, 197, 200]
201: [186, 188, 193, 195, 197, 200, 201]
202: [186, 188, 193, 195, 197, 200, 201, 202]
203: [186, 188, 193, 195, 197, 200, 201, 202]
204: [188, 193, 195, 197, 200, 201, 202]
205: [188, 193, 195, 197, 200, 201, 202]
206: [188, 193, 195, 197, 200, 201, 202]
207: [188, 193, 195, 197, 200, 201, 202]
208: [188, 193, 195, 197, 200, 201, 202]
209: [193, 195, 197, 200, 201, 202, 209]
210: [193, 195, 197, 200, 201, 202, 209]
211: [193, 195, 197, 200, 201, 202, 209]
212: [193, 195, 197, 200, 201, 202, 209]
213: [193, 195, 197, 200, 201, 202, 209]
214: [193, 195, 197, 200, 201, 202, 209]
215: [195, 197, 200, 201, 202, 209]
216: [195, 197, 200, 201, 202, 209]
217: [195, 197, 200, 201, 202, 209]
218: [195, 197, 200, 201, 202, 209]
219: [195, 197, 200, 201, 202, 209]
220: [195, 197, 200, 201, 202, 209]
221: [195, 197, 200, 201, 202, 209]
222: [197, 200, 201, 202, 209]
223: [197, 200, 201, 202, 209]
224: [197, 200, 201, 202, 209]
225: [200, 201, 202, 209, 225]
226: [200, 201, 202, 209, 225]
227: [200, 201, 202, 209, 225, 227]
228: [201, 202, 209, 225, 227, 228]
229: [201, 202, 209, 225, 227, 228]
230: [201, 202, 209, 225, 227, 228]
231: [201, 202, 209, 225, 227, 228]
232: [201, 202, 209, 225, 227, 228]
233: [202, 209, 225, 227, 228]
234: [202, 209, 225, 227, 228, 234]
235: [202, 209, 225, 227, 228, 234]
236: [209, 225, 227, 228, 234]
237: [209, 225, 227, 228, 234]
238: [209, 225, 227, 228, 234]
239: [209, 225, 227, 228, 234, 239]
240: [209, 225, 227, 228, 234, 239]
241: [225, 227, 228, 234, 239]
242: [225, 227, 228, 234, 239, 242]
243: [225, 227, 228, 234, 239, 242]
244: [225, 227, 228, 234, 239, 242]
245: [225, 227, 228, 234, 239, 242]
246: [225, 227, 228, 234, 239, 242]
247: [225, 227, 228, 234, 239, 242]
248: [225, 227, 228, 234, 239, 242, 248]
249: [227, 228, 234, 239, 242, 248]
250: [227, 228, 234, 239, 242, 248]
251: [227, 228, 234, 239, 242, 248]
252: [228, 234, 239, 242, 248]
253: [228, 234, 239, 242, 248, 253]
254: [228, 234, 239, 242, 248, 253]
255: [228, 234, 239, 242, 248, 253]
256: [228, 234, 239, 242, 248, 253]
257: [234, 239, 242, 248, 253]
258: [234, 239, 242, 248, 253]
259: [234, 239, 242, 248, 253]
260: [234, 239, 242, 248, 253]
261: [234, 239, 242, 248, 253]
262: [239, 242, 248, 253]
263: [239, 242, 248, 253]
264: [239, 242, 248, 253]
265: [239, 242, 248, 253]
266: [239, 242, 248, 253]
267: [239, 242, 248, 253]
268: [239, 242, 248, 253, 268]
269: [239, 242, 248, 253, 268]
270: [242, 248, 253, 268, 270]
271: [242, 248, 253, 268, 270]
272: [242, 248, 253, 268, 270]
273: [242, 248, 253, 268, 270]
274: [248, 253, 268, 270, 274]
275: [248, 253, 268, 270, 274]
276: [248, 253, 268, 270, 274]
277: [248, 253, 268, 270, 274]
278: [248, 253, 268, 270, 274]
279: [253, 268, 270, 274]
280: [253, 268, 270, 274, 280]
281: [253, 268, 270, 274, 280]
282: [253, 268, 270, 274, 280]
283: [253, 268, 270, 274, 280]
284: [253, 268, 270, 274, 280]
285: [253, 268, 270, 274, 280]
286: [268, 270, 274, 280]
287: [268, 270, 274, 280]
288: [268, 270, 274, 280]
289: [270, 274, 280]
290: [270, 274, 280, 290]
291: [270, 274, 280, 290, 291]
292: [270, 274, 280, 290, 291]
293: [274, 280, 290, 291]
294: [274, 280, 290, 291]
295: [274, 280, 290, 291, 295]
296: [274, 280, 290, 291, 295]
297: [274, 280, 290, 291, 295]
298: [274, 280, 290, 291, 295]
299: [274, 280, 290, 291, 295]
300: [274, 280, 290, 291, 295]
301: [280, 290, 291, 295]
302: [280, 290, 291, 295]
303: [280, 290, 291, 295]
304: [280, 290, 291, 295]
305: [290, 291, 295, 305]
306: [290, 291, 295, 305, 306]
307: [290, 291, 295, 305, 306, 307]
308: [290, 291, 295, 305, 306, 307]
309: [290, 291, 295, 305, 306, 307]
310: [290, 291, 295, 305, 306, 307]
311: [290, 291, 295, 305, 306, 307]
312: [290, 291, 295, 305, 306, 307]
313: [291, 295, 305, 306, 307]
314: [291, 295, 305, 306, 307]
315: [291, 295, 305, 306, 307]
316: [291, 295, 305, 306, 307, 316]
317: [291, 295, 305, 306, 307, 316]
318: [295, 305, 306, 307, 316]
319: [295, 305, 306, 307, 316]
320: [295, 305, 306, 307, 316]
321: [295, 305, 306, 307, 316]
322: [295, 305, 306, 307, 316]
323: [295, 305, 306, 307, 316, 323]
324: [295, 305, 306, 307, 316, 323]
325: [295, 305, 306, 307, 316, 323]
326: [305, 306, 307, 316, 323, 326]
327: [305, 306, 307, 316, 323, 326]
328: [305, 306, 307, 316, 323, 326]
329: [305, 306, 307, 316, 323, 326]
330: [305, 306, 307, 316, 323, 326]
331: [305, 306, 307, 316, 323, 326]
332: [305, 306, 307, 316, 323, 326]
333: [305, 306, 307, 316, 323, 326, 333]
334: [306, 307, 316, 323, 326, 333]
335: [306, 307, 316, 323, 326, 333]
336: [306, 307, 316, 323, 326, 333, 336]
337: [306, 307, 316, 323, 326, 333, 336]
338: [306, 307, 316, 323, 326, 333, 336]
339: [306, 307, 316, 323, 326, 333, 336, 339]
340: [306, 307, 316, 323, 326, 333, 336, 339]
341: [306, 307, 316, 323, 326, 333, 336, 339]
342: [307, 316, 323, 326, 333, 336, 339]
343: [307, 316, 323, 326, 333, 336, 339]
344: [307, 316, 323, 326, 333, 336, 339, 344]
345: [316, 323, 326, 333, 336, 339, 344]
346: [316, 323, 326, 333, 336, 339, 344]
347: [316, 323, 326, 333, 336, 339, 344]
348: [316, 323, 326, 333, 336, 339, 344]
349: [323, 326, 333, 336, 339, 344]
350: [323, 326, 333, 336, 339, 344]
351: [323, 326, 333, 336, 339, 344]
352: [323, 326, 333, 336, 339, 344]
353: [323, 326, 333, 336, 339, 344]
354: [323, 326, 333, 336, 339, 344]
355: [323, 326, 333, 336, 339, 344]
356: [323, 326, 333, 336, 339, 344]
357: [326, 333, 336, 339, 344]
358: [326, 333, 336, 339, 344]
359: [326, 333, 336, 339, 344]
360: [326, 333, 336, 339, 344]
361: [326, 333, 336, 339, 344]
362: [326, 333, 336, 339, 344]
363: [326, 333, 336, 339, 344]
364: [333, 336, 339, 344]
365: [333, 336, 339, 344]
366: [333, 336, 339, 344]
367: [336, 339, 344]
368: [336, 339, 344]
369: [336, 339, 344]
370: [336, 339, 344]
371: [336, 339, 344]
372: [336, 339, 344]
373: [336, 339, 344]
374: [336, 339, 344]
375: [339, 344]
376: [339, 344]
377: [339, 344]
378: [339, 344, 378]
379: [339, 344, 378]
380: [339, 344, 378]
381: [344, 378, 381]
382: [344, 378, 381]
383: [344, 378, 381]
384: [344, 378, 381]
385: [344, 378, 381]
386: [344, 378, 381]
387: [344, 378, 381]
388: [344, 378, 381]
389: [378, 381]
390: [378, 381]
391: [378, 381, 391]
392: [381, 391, 392]
393: [381, 391, 392]
394: [381, 391, 392]
395: [381, 391, 392, 395]
396: [381, 391, 392, 395]
397: [381, 391, 392, 395]
398: [391, 392, 395]
399: [391, 392, 395]
400: [391, 392, 395]
401: [391, 392, 395]
402: [391, 392, 395, 402]
403: [391, 392, 395, 402]
404: [392, 395, 402, 404]
405: [392, 395, 402, 404]
406: [392, 395, 402, 404]
407: [392, 395, 402, 404]
408: [392, 395, 402, 404]
409: [392, 395, 402, 404]
410: [392, 395, 402, 404, 410]
411: [392, 395, 402, 404, 410]
412: [395, 402, 404, 410]
413: [395, 402, 404, 410]
414: [395, 402, 404, 410]
415: [402, 404, 410]
416: [402, 404, 410]
417: [402, 404, 410]
418: [402, 404, 410, 418]
419: [402, 404, 410, 418]
420: [404, 410, 418]
421: [404, 410, 418, 421]
422: [404, 410, 418, 421]
423: [410, 418, 421]
424: [410, 418, 421]
425: [410, 418, 421]
426: [410, 418, 421, 426]
427: [410, 418, 421, 426]
428: [410, 418, 421, 426, 428]
429: [418, 421, 426, 428]
430: [418, 421, 426, 428]
431: [418, 421, 426, 428]
432: [418, 421, 426, 428]
433: [418, 421, 426, 428]
434: [418, 421, 426, 428]
435: [418, 421, 426, 428]
436: [418, 421, 426, 428, 436]
437: [421, 426, 428, 436]
438: [421, 426, 428, 436]
439: [421, 426, 428, 436]
440: [426, 428, 436, 440]
441: [426, 428, 436, 440]
442: [426, 428, 436, 440]
443: [426, 428, 436, 440]
444: [426, 428, 436, 440]
445: [426, 428, 436, 440]
446: [426, 428, 436, 440]
447: [426, 428, 436, 440]
448: [428, 436, 440]
449: [428, 436, 440]
450: [428, 436, 440, 450]
451: [428, 436, 440, 450]
452: [428, 436, 440, 450]
453: [428, 436, 440, 450]
454: [428, 436, 440, 450]
455: [428, 436, 440, 450]
456: [436, 440, 450]
457: [436, 440, 450]
458: [436, 440, 450]
459: [436, 440, 450]
460: [436, 440, 450]
461: [440, 450]
462: [440, 450]
463: [440, 450]
464: [450]
465: [450]
466: [450]
467: [450]
468: [450]
469: []
470: []
471: []
472: []
473: []
474: [474]
475: [474]
476: [474]
477: []
478: []
479: []
480: []
481: []
482: []
483: []
484: []
485: []
486: []
487: []
488: []
489: []
490: []
491: []
492: []
493: []
494: []
495: []
496: [496]
497: [496, 497]
498: [496, 497]
499: [496, 497]
500: [496, 497, 500]
501: [497, 500, 501]
502: [497, 500, 501]
503: [497, 500, 501]
504: [500, 501]
505: [500, 501]
506: [500, 501]
507: [500, 501]
508: [500, 501]
509: [500, 501]
510: [500, 501]
511: [500, 501]
512: [501]
513: [501]
514: [501, 514]
515: [514]
516: [514]
517: [514]
518: [514]
519: [514]
520: [514]
521: [514]
522: [514, 522]
523: [522]
524: [522]
525: [522, 525]
526: [522, 525]
527: [522, 525]
528: [525]
529: [525]
530: [525]
531: []
532: [532]
533: [532]
534: [532]
535: [532]
536: [536]
537: [536]
538: [536, 538]
539: [536, 538]
540: [536, 538]
541: [536, 538]
542: [536, 538]
543: [536, 538]
544: [538]
545: [538, 545]
546: [538, 545]
547: [538, 545]
548: [538, 545]
549: [538, 545]
550: [538, 545]
551: [538, 545]
552: [545]
553: [545]
554: [545]
555: [545]
556: [545]
557: [545]
558: [545]
559: [545]
560: []
561: []
562: [562]
563: [562]
564: [562]
565: [562, 565]
566: [562, 565, 566]
567: [565, 566]
568: [565, 566]
569: [565, 566, 569]
570: [565, 566, 569]
571: [566, 569, 571]
572: [566, 569, 571]
573: [566, 569, 571]
574: [566, 569, 571, 574]
575: [566, 569, 571, 574]
576: [566, 569, 571, 574]
577: [566, 569, 571, 574]
578: [569, 571, 574]
579: [569, 571, 574]
580: [569, 571, 574]
581: [569, 571, 574, 581]
582: [569, 571, 574, 581]
583: [571, 574, 581]
584: [571, 574, 581, 584]
585: [571, 574, 581, 584, 585]
586: [571, 574, 581, 584, 585]
587: [571, 574, 581, 584, 585]
588: [571, 574, 581, 584, 585]
589: [571, 574, 581, 584, 585]
590: [571, 574, 581, 584, 585]
591: [574, 581, 584, 585]
592: [574, 581, 584, 585]
593: [574, 581, 584, 585]
594: [574, 581, 584, 585]
595: [574, 581, 584, 585]
596: [574, 581, 584, 585, 596]
597: [574, 581, 584, 585, 596]
598: [574, 581, 584, 585, 596]
599: [581, 584, 585, 596]
600: [581, 584, 585, 596]
601: [581, 584, 585, 596]
602: [581, 584, 585, 596]
603: [584, 585, 596]
604: [584, 585, 596, 604]
605: [584, 585, 596, 604, 605]
606: [584, 585, 596, 604, 605]
607: [584, 585, 596, 604, 605, 607]
608: [584, 585, 596, 604, 605, 607]
609: [584, 585, 596, 604, 605, 607, 609]
610: [585, 596, 604, 605, 607, 609]
611: [585, 596, 604, 605, 607, 609]
612: [585, 596, 604, 605, 607, 609]
613: [596, 604, 605, 607, 609]
614: [596, 604, 605, 607, 609, 614]
615: [596, 604, 605, 607, 609, 614]
616: [604, 605, 607, 609, 614, 616]
617: [604, 605, 607, 609, 614, 616]
618: [604, 605, 607, 609, 614, 616]
619: [604, 605, 607, 609, 614, 616]
620: [604, 605, 607, 609, 614, 616, 620]
621: [604, 605, 607, 609, 614, 616, 620]
622: [604, 605, 607, 609, 614, 616, 620]
623: [605, 607, 609, 614, 616, 620, 623]
624: [605, 607, 609, 614, 616, 620, 623, 624]
625: [605, 607, 609, 614, 616, 620, 623, 624, 625]
626: [605, 607, 609, 614, 616, 620, 623, 624, 625]
627: [605, 607, 609, 614, 616, 620, 623, 624, 625, 627]
628: [607, 609, 614, 616, 620, 623, 624, 625, 627]
629: [607, 609, 614, 616, 620, 623, 624, 625, 627]
630: [607, 609, 614, 616, 620, 623, 624, 625, 627]
631: [609, 614, 616, 620, 623, 624, 625, 627]
632: [609, 614, 616, 620, 623, 624, 625, 627]
633: [609, 614, 616, 620, 623, 624, 625, 627]
634: [609, 614, 616, 620, 623, 624, 625, 627]
635: [609, 614, 616, 620, 623, 624, 625, 627]
636: [609, 614, 616, 620, 623, 624, 625, 627]
637: [609, 614, 616, 620, 623, 624, 625, 627]
638: [614, 616, 620, 623, 624, 625, 627, 638]
639: [614, 616, 620, 623, 624, 625, 627, 638]
640: [614, 616, 620, 623, 624, 625, 627, 638]
641: [614, 616, 620, 623, 624, 625, 627, 638, 641]
642: [614, 616, 620, 623, 624, 625, 627, 638, 641]
643: [616, 620, 623, 624, 625, 627, 638, 641, 643]
644: [616, 620, 623, 624, 625, 627, 638, 641, 643]
645: [616, 620, 623, 624, 625, 627, 638, 641, 643]
646: [616, 620, 623, 624, 625, 627, 638, 641, 643, 646]
647: [616, 620, 623, 624, 625, 627, 638, 641, 643, 646, 647]
648: [616, 620, 623, 624, 625, 627, 638, 641, 643, 646, 647, 648]
649: [620, 623, 624, 625, 627, 638, 641, 643, 646, 647, 648]
650: [620, 623, 624, 625, 627, 638, 641, 643, 646, 647, 648]
651: [620, 623, 624, 625, 627, 638, 641, 643, 646, 647, 648]
652: [620, 623, 624, 625, 627, 638, 641, 643, 646, 647, 648, 652]
653: [620, 623, 624, 625, 627, 638, 641, 643, 646, 647, 648, 652, 653]
654: [620, 623, 624, 625, 627, 638, 641, 643, 646, 647, 648, 652, 653]
655: [620, 623, 624, 625, 627, 638, 641, 643, 646, 647, 648, 652, 653]
656: [623, 624, 625, 627, 638, 641, 643, 646, 647, 648, 652, 653]
657: [623, 624, 625, 627, 638, 641, 643, 646, 647, 648, 652, 653]
658: [623, 624, 625, 627, 638, 641, 643, 646, 647, 648, 652, 653]
659: [623, 624, 625, 627, 638, 641, 643, 646, 647, 648, 652, 653]
660: [623, 624, 625, 627, 638, 641, 643, 646, 647, 648, 652, 653]
661: [623, 624, 625, 627, 638, 641, 643, 646, 647, 648, 652, 653]
662: [623, 624, 625, 627, 638, 641, 643, 646, 647, 648, 652, 653]
663: [624, 625, 627, 638, 641, 643, 646, 647, 648, 652, 653]
664: [624, 625, 627, 638, 641, 643, 646, 647, 648, 652, 653]
665: [624, 625, 627, 638, 641, 643, 646, 647, 648, 652, 653]
666: [624, 625, 627, 638, 641, 643, 646, 647, 648, 652, 653, 666]
667: [624, 625, 627, 638, 641, 643, 646, 647, 648, 652, 653, 666]
668: [624, 625, 627, 638, 641, 643, 646, 647, 648, 652, 653, 666]
669: [624, 625, 627, 638, 641, 643, 646, 647, 648, 652, 653, 666]
670: [625, 627, 638, 641, 643, 646, 647, 648, 652, 653, 666]
671: [625, 627, 638, 641, 643, 646, 647, 648, 652, 653, 666]
672: [625, 627, 638, 641, 643, 646, 647, 648, 652, 653, 666]
673: [625, 627, 638, 641, 643, 646, 647, 648, 652, 653, 666]
674: [625, 627, 638, 641, 643, 646, 647, 648, 652, 653, 666, 674]
675: [625, 627, 638, 641, 643, 646, 647, 648, 652, 653, 666, 674]
676: [627, 638, 641, 643, 646, 647, 648, 652, 653, 666, 674]
677: [627, 638, 641, 643, 646, 647, 648, 652, 653, 666, 674]
678: [627, 638, 641, 643, 646, 647, 648, 652, 653, 666, 674, 678]
679: [627, 638, 641, 643, 646, 647, 648, 652, 653, 666, 674, 678]
680: [627, 638, 641, 643, 646, 647, 648, 652, 653, 666, 674, 678]
681: [627, 638, 641, 643, 646, 647, 648, 652, 653, 666, 674, 678, 681]
682: [638, 641, 643, 646, 647, 648, 652, 653, 666, 674, 678, 681, 682]
683: [638, 641, 643, 646, 647, 648, 652, 653, 666, 674, 678, 681, 682, 683]
684: [638, 641, 643, 646, 647, 648, 652, 653, 666, 674, 678, 681, 682, 683]
685: [638, 641, 643, 646, 647, 648, 652, 653, 666, 674, 678, 681, 682, 683]
686: [638, 641, 643, 646, 647, 648, 652, 653, 666, 674, 678, 681, 682, 683]
687: [641, 643, 646, 647, 648, 652, 653, 666, 674, 678, 681, 682, 683]
688: [641, 643, 646, 647, 648, 652, 653, 666, 674, 678, 681, 682, 683]
689: [641, 643, 646, 647, 648, 652, 653, 666, 674, 678, 681, 682, 683]
690: [641, 643, 646, 647, 648, 652, 653, 666, 674, 678, 681, 682, 683]
691: [641, 643, 646, 647, 648, 652, 653, 666, 674, 678, 681, 682, 683]
692: [643, 646, 647, 648, 652, 653, 666, 674, 678, 681, 682, 683]
693: [643, 646, 647, 648, 652, 653, 666, 674, 678, 681, 682, 683]
694: [643, 646, 647, 648, 652, 653, 666, 674, 678, 681, 682, 683]
695: [643, 646, 647, 648, 652, 653, 666, 674, 678, 681, 682, 683]
696: [646, 647, 648, 652, 653, 666, 674, 678, 681, 682, 683]
697: [646, 647, 648, 652, 653, 666, 674, 678, 681, 682, 683]
698: [646, 647, 648, 652, 653, 666, 674, 678, 681, 682, 683]
699: [646, 647, 648, 652, 653, 666, 674, 678, 681, 682, 683]
700: [646, 647, 648, 652, 653, 666, 674, 678, 681, 682, 683]
701: [647, 648, 652, 653, 666, 674, 678, 681, 682, 683]
702: [647, 648, 652, 653, 666, 674, 678, 681, 682, 683]
703: [647, 648, 652, 653, 666, 674, 678, 681, 682, 683, 703]
704: [647, 648, 652, 653, 666, 674, 678, 681, 682, 683, 703]
705: [648, 652, 653, 666, 674, 678, 681, 682, 683, 703, 705]
706: [648, 652, 653, 666, 674, 678, 681, 682, 683, 703, 705, 706]
707: [648, 652, 653, 666, 674, 678, 681, 682, 683, 703, 705, 706]
708: [648, 652, 653, 666, 674, 678, 681, 682, 683, 703, 705, 706]
709: [648, 652, 653, 666, 674, 678, 681, 682, 683, 703, 705, 706]
710: [648, 652, 653, 666, 674, 678, 681, 682, 683, 703, 705, 706]
711: [652, 653, 666, 674, 678, 681, 682, 683, 703, 705, 706, 711]
712: [652, 653, 666, 674, 678, 681, 682, 683, 703, 705, 706, 711]
713: [652, 653, 666, 674, 678, 681, 682, 683, 703, 705, 706, 711]
714: [652, 653, 666, 674, 678, 681, 682, 683, 703, 705, 706, 711]
715: [652, 653, 666, 674, 678, 681, 682, 683, 703, 705, 706, 711, 715]
716: [652, 653, 666, 674, 678, 681, 682, 683, 703, 705, 706, 711, 715]
717: [652, 653, 666, 674, 678, 681, 682, 683, 703, 705, 706, 711, 715]
718: [652, 653, 666, 674, 678, 681, 682, 683, 703, 705, 706, 711, 715]
719: [653, 666, 674, 678, 681, 682, 683, 703, 705, 706, 711, 715]
720: [653, 666, 674, 678, 681, 682, 683, 703, 705, 706, 711, 715]
721: [653, 666, 674, 678, 681, 682, 683, 703, 705, 706, 711, 715]
722: [653, 666, 674, 678, 681, 682, 683, 703, 705, 706, 711, 715]
723: [653, 666, 674, 678, 681, 682, 683, 703, 705, 706, 711, 715, 723]
724: [653, 666, 674, 678, 681, 682, 683, 703, 705, 706, 711, 715, 723]
725: [653, 666, 674, 678, 681, 682, 683, 703, 705, 706, 711, 715, 723, 725]
726: [666, 674, 678, 681, 682, 683, 703, 705, 706, 711, 715, 723, 725]
727: [666, 674, 678, 681, 682, 683, 703, 705, 706, 711, 715, 723, 725]
728: [666, 674, 678, 681, 682, 683, 703, 705, 706, 711, 715, 723, 725]
729: [674, 678, 681, 682, 683, 703, 705, 706, 711, 715, 723, 725]
730: [674, 678, 681, 682, 683, 703, 705, 706, 711, 715, 723, 725]
731: [674, 678, 681, 682, 683, 703, 705, 706, 711, 715, 723, 725]
732: [674, 678, 681, 682, 683, 703, 705, 706, 711, 715, 723, 725]
733: [674, 678, 681, 682, 683, 703, 705, 706, 711, 715, 723, 725]
734: [674, 678, 681, 682, 683, 703, 705, 706, 711, 715, 723, 725]
735: [674, 678, 681, 682, 683, 703, 705, 706, 711, 715, 723, 725, 735]
736: [674, 678, 681, 682, 683, 703, 705, 706, 711, 715, 723, 725, 735]
737: [678, 681, 682, 683, 703, 705, 706, 711, 715, 723, 725, 735]
738: [678, 681, 682, 683, 703, 705, 706, 711, 715, 723, 725, 735]
739: [678, 681, 682, 683, 703, 705, 706, 711, 715, 723, 725, 735]
740: [678, 681, 682, 683, 703, 705, 706, 711, 715, 723, 725, 735, 740]
741: [678, 681, 682, 683, 703, 705, 706, 711, 715, 723, 725, 735, 740]
742: [678, 681, 682, 683, 703, 705, 706, 711, 715, 723, 725, 735, 740]
743: [681, 682, 683, 703, 705, 706, 711, 715, 723, 725, 735, 740]
744: [681, 682, 683, 703, 705, 706, 711, 715, 723, 725, 735, 740, 744]
745: [681, 682, 683, 703, 705, 706, 711, 715, 723, 725, 735, 740, 744]
746: [681, 682, 683, 703, 705, 706, 711, 715, 723, 725, 735, 740, 744, 746]
747: [682, 683, 703, 705, 706, 711, 715, 723, 725, 735, 740, 744, 746]
748: [682, 683, 703, 705, 706, 711, 715, 723, 725, 735, 740, 744, 746]
749: [682, 683, 703, 705, 706, 711, 715, 723, 725, 735, 740, 744, 746, 749]
750: [682, 683, 703, 705, 706, 711, 715, 723, 725, 735, 740, 744, 746, 749]
751: [682, 683, 703, 705, 706, 711, 715, 723, 725, 735, 740, 744, 746, 749, 751]
752: [683, 703, 705, 706, 711, 715, 723, 725, 735, 740, 744, 746, 749, 751, 752]
753: [683, 703, 705, 706, 711, 715, 723, 725, 735, 740, 744, 746, 749, 751, 752, 753]
754: [683, 703, 705, 706, 711, 715, 723, 725, 735, 740, 744, 746, 749, 751, 752, 753]
755: [683, 703, 705, 706, 711, 715, 723, 725, 735, 740, 744, 746, 749, 751, 752, 753]
756: [683, 703, 705, 706, 711, 715, 723, 725, 735, 740, 744, 746, 749, 751, 752, 753]
757: [703, 705, 706, 711, 715, 723, 725, 735, 740, 744, 746, 749, 751, 752, 753]
758: [703, 705, 706, 711, 715, 723, 725, 735, 740, 744, 746, 749, 751, 752, 753]
759: [703, 705, 706, 711, 715, 723, 725, 735, 740, 744, 746, 749, 751, 752, 753]
760: [703, 705, 706, 711, 715, 723, 725, 735, 740, 744, 746, 749, 751, 752, 753]
761: [703, 705, 706, 711, 715, 723, 725, 735, 740, 744, 746, 749, 751, 752, 753]
762: [705, 706, 711, 715, 723, 725, 735, 740, 744, 746, 749, 751, 752, 753]
763: [705, 706, 711, 715, 723, 725, 735, 740, 744, 746, 749, 751, 752, 753]
764: [705, 706, 711, 715, 723, 725, 735, 740, 744, 746, 749, 751, 752, 753]
765: [705, 706, 711, 715, 723, 725, 735, 740, 744, 746, 749, 751, 752, 753]
766: [705, 706, 711, 715, 723, 725, 735, 740, 744, 746, 749, 751, 752, 753]
767: [706, 711, 715, 723, 725, 735, 740, 744, 746, 749, 751, 752, 753]
768: [706, 711, 715, 723, 725, 735, 740, 744, 746, 749, 751, 752, 753]
769: [706, 711, 715, 723, 725, 735, 740, 744, 746, 749, 751, 752, 753]
770: [706, 711, 715, 723, 725, 735, 740, 744, 746, 749, 751, 752, 753]
771: [711, 715, 723, 725, 735, 740, 744, 746, 749, 751, 752, 753]
772: [711, 715, 723, 725, 735, 740, 744, 746, 749, 751, 752, 753]
773: [711, 715, 723, 725, 735, 740, 744, 746, 749, 751, 752, 753, 773]
774: [711, 715, 723, 725, 735, 740, 744, 746, 749, 751, 752, 753, 773]
775: [715, 723, 725, 735, 740, 744, 746, 749, 751, 752, 753, 773]
776: [715, 723, 725, 735, 740, 744, 746, 749, 751, 752, 753, 773]
777: [715, 723, 725, 735, 740, 744, 746, 749, 751, 752, 753, 773]
778: [715, 723, 725, 735, 740, 744, 746, 749, 751, 752, 753, 773]
779: [715, 723, 725, 735, 740, 744, 746, 749, 751, 752, 753, 773]
780: [715, 723, 725, 735, 740, 744, 746, 749, 751, 752, 753, 773]
781: [723, 725, 735, 740, 744, 746, 749, 751, 752, 753, 773, 781]
782: [723, 725, 735, 740, 744, 746, 749, 751, 752, 753, 773, 781]
783: [723, 725, 735, 740, 744, 746, 749, 751, 752, 753, 773, 781]
784: [723, 725, 735, 740, 744, 746, 749, 751, 752, 753, 773, 781]
785: [723, 725, 735, 740, 744, 746, 749, 751, 752, 753, 773, 781]
786: [725, 735, 740, 744, 746, 749, 751, 752, 753, 773, 781]
787: [725, 735, 740, 744, 746, 749, 751, 752, 753, 773, 781]
788: [725, 735, 740, 744, 746, 749, 751, 752, 753, 773, 781, 788]
789: [725, 735, 740, 744, 746, 749, 751, 752, 753, 773, 781, 788]
790: [725, 735, 740, 744, 746, 749, 751, 752, 753, 773, 781, 788]
791: [735, 740, 744, 746, 749, 751, 752, 753, 773, 781, 788]
792: [735, 740, 744, 746, 749, 751, 752, 753, 773, 781, 788]
793: [735, 740, 744, 746, 749, 751, 752, 753, 773, 781, 788, 793]
794: [735, 740, 744, 746, 749, 751, 752, 753, 773, 781, 788, 793, 794]
795: [735, 740, 744, 746, 749, 751, 752, 753, 773, 781, 788, 793, 794, 795]
796: [735, 740, 744, 746, 749, 751, 752, 753, 773, 781, 788, 793, 794, 795]
797: [735, 740, 744, 746, 749, 751, 752, 753, 773, 781, 788, 793, 794, 795]
798: [735, 740, 744, 746, 749, 751, 752, 753, 773, 781, 788, 793, 794, 795]
799: [740, 744, 746, 749, 751, 752, 753, 773, 781, 788, 793, 794, 795]
800: [740, 744, 746, 749, 751, 752, 753, 773, 781, 788, 793, 794, 795]
801: [740, 744, 746, 749, 751, 752, 753, 773, 781, 788, 793, 794, 795]
802: [740, 744, 746, 749, 751, 752, 753, 773, 781, 788, 793, 794, 795]
803: [740, 744, 746, 749, 751, 752, 753, 773, 781, 788, 793, 794, 795]
804: [740, 744, 746, 749, 751, 752, 753, 773, 781, 788, 793, 794, 795]
805: [740, 744, 746, 749, 751, 752, 753, 773, 781, 788, 793, 794, 795]
806: [744, 746, 749, 751, 752, 753, 773, 781, 788, 793, 794, 795]
807: [744, 746, 749, 751, 752, 753, 773, 781, 788, 793, 794, 795]
808: [744, 746, 749, 751, 752, 753, 773, 781, 788, 793, 794, 795]
809: [744, 746, 749, 751, 752, 753, 773, 781, 788, 793, 794, 795]
810: [744, 746, 749, 751, 752, 753, 773, 781, 788, 793, 794, 795]
811: [744, 746, 749, 751, 752, 753, 773, 781, 788, 793, 794, 795, 811]
812: [744, 746, 749, 751, 752, 753, 773, 781, 788, 793, 794, 795, 811]
813: [746, 749, 751, 752, 753, 773, 781, 788, 793, 794, 795, 811]
814: [746, 749, 751, 752, 753, 773, 781, 788, 793, 794, 795, 811]
815: [746, 749, 751, 752, 753, 773, 781, 788, 793, 794, 795, 811]
816: [746, 749, 751, 752, 753, 773, 781, 788, 793, 794, 795, 811, 816]
817: [746, 749, 751, 752, 753, 773, 781, 788, 793, 794, 795, 811, 816]
818: [749, 751, 752, 753, 773, 781, 788, 793, 794, 795, 811, 816, 818]
819: [749, 751, 752, 753, 773, 781, 788, 793, 794, 795, 811, 816, 818]
820: [749, 751, 752, 753, 773, 781, 788, 793, 794, 795, 811, 816, 818, 820]
821: [751, 752, 753, 773, 781, 788, 793, 794, 795, 811, 816, 818, 820]
822: [751, 752, 753, 773, 781, 788, 793, 794, 795, 811, 816, 818, 820]
823: [751, 752, 753, 773, 781, 788, 793, 794, 795, 811, 816, 818, 820, 823]
824: [751, 752, 753, 773, 781, 788, 793, 794, 795, 811, 816, 818, 820, 823]
825: [751, 752, 753, 773, 781, 788, 793, 794, 795, 811, 816, 818, 820, 823, 825]
826: [751, 752, 753, 773, 781, 788, 793, 794, 795, 811, 816, 818, 820, 823, 825, 826]
827: [751, 752, 753, 773, 781, 788, 793, 794, 795, 811, 816, 818, 820, 823, 825, 826]
828: [752, 753, 773, 781, 788, 793, 794, 795, 811, 816, 818, 820, 823, 825, 826]
829: [752, 753, 773, 781, 788, 793, 794, 795, 811, 816, 818, 820, 823, 825, 826]
830: [752, 753, 773, 781, 788, 793, 794, 795, 811, 816, 818, 820, 823, 825, 826]
831: [752, 753, 773, 781, 788, 793, 794, 795, 811, 816, 818, 820, 823, 825, 826]
832: [752, 753, 773, 781, 788, 793, 794, 795, 811, 816, 818, 820, 823, 825, 826, 832]
833: [752, 753, 773, 781, 788, 793, 794, 795, 811, 816, 818, 820, 823, 825, 826, 832]
834: [752, 753, 773, 781, 788, 793, 794, 795, 811, 816, 818, 820, 823, 825, 826, 832]
835: [752, 753, 773, 781, 788, 793, 794, 795, 811, 816, 818, 820, 823, 825, 826, 832, 835]
836: [753, 773, 781, 788, 793, 794, 795, 811, 816, 818, 820, 823, 825, 826, 832, 835]
837: [753, 773, 781, 788, 793, 794, 795, 811, 816, 818, 820, 823, 825, 826, 832, 835]
838: [753, 773, 781, 788, 793, 794, 795, 811, 816, 818, 820, 823, 825, 826, 832, 835, 838]
839: [753, 773, 781, 788, 793, 794, 795, 811, 816, 818, 820, 823, 825, 826, 832, 835, 838]
840: [753, 773, 781, 788, 793, 794, 795, 811, 816, 818, 820, 823, 825, 826, 832, 835, 838, 840]
841: [753, 773, 781, 788, 793, 794, 795, 811, 816, 818, 820, 823, 825, 826, 832, 835, 838, 840]
842: [773, 781, 788, 793, 794, 795, 811, 816, 818, 820, 823, 825, 826, 832, 835, 838, 840]
843: [773, 781, 788, 793, 794, 795, 811, 816, 818, 820, 823, 825, 826, 832, 835, 838, 840]
844: [773, 781, 788, 793, 794, 795, 811, 816, 818, 820, 823, 825, 826, 832, 835, 838, 840]
845: [773, 781, 788, 793, 794, 795, 811, 816, 818, 820, 823, 825, 826, 832, 835, 838, 840]
846: [773, 781, 788, 793, 794, 795, 811, 816, 818, 820, 823, 825, 826, 832, 835, 838, 840]
847: [773, 781, 788, 793, 794, 795, 811, 816, 818, 820, 823, 825, 826, 832, 835, 838, 840]
848: [773, 781, 788, 793, 794, 795, 811, 816, 818, 820, 823, 825, 826, 832, 835, 838, 840]
849: [773, 781, 788, 793, 794, 795, 811, 816, 818, 820, 823, 825, 826, 832, 835, 838, 840]
850: [781, 788, 793, 794, 795, 811, 816, 818, 820, 823, 825, 826, 832, 835, 838, 840, 850]
851: [781, 788, 793, 794, 795, 811, 816, 818, 820, 823, 825, 826, 832, 835, 838, 840, 850]
852: [781, 788, 793, 794, 795, 811, 816, 818, 820, 823, 825, 826, 832, 835, 838, 840, 850]
853: [781, 788, 793, 794, 795, 811, 816, 818, 820, 823, 825, 826, 832, 835, 838, 840, 850]
854: [788, 793, 794, 795, 811, 816, 818, 820, 823, 825, 826, 832, 835, 838, 840, 850]
855: [788, 793, 794, 795, 811, 816, 818, 820, 823, 825, 826, 832, 835, 838, 840, 850]
856: [788, 793, 794, 795, 811, 816, 818, 820, 823, 825, 826, 832, 835, 838, 840, 850]
857: [788, 793, 794, 795, 811, 816, 818, 820, 823, 825, 826, 832, 835, 838, 840, 850]
858: [788, 793, 794, 795, 811, 816, 818, 820, 823, 825, 826, 832, 835, 838, 840, 850]
859: [793, 794, 795, 811, 816, 818, 820, 823, 825, 826, 832, 835, 838, 840, 850]
860: [793, 794, 795, 811, 816, 818, 820, 823, 825, 826, 832, 835, 838, 840, 850]
861: [793, 794, 795, 811, 816, 818, 820, 823, 825, 826, 832, 835, 838, 840, 850]
862: [794, 795, 811, 816, 818, 820, 823, 825, 826, 832, 835, 838, 840, 850]
863: [794, 795, 811, 816, 818, 820, 823, 825, 826, 832, 835, 838, 840, 850, 863]
864: [794, 795, 811, 816, 818, 820, 823, 825, 826, 832, 835, 838, 840, 850, 863]
865: [795, 811, 816, 818, 820, 823, 825, 826, 832, 835, 838, 840, 850, 863]
866: [795, 811, 816, 818, 820, 823, 825, 826, 832, 835, 838, 840, 850, 863]
867: [795, 811, 816, 818, 820, 823, 825, 826, 832, 835, 838, 840, 850, 863]
868: [795, 811, 816, 818, 820, 823, 825, 826, 832, 835, 838, 840, 850, 863, 868]
869: [795, 811, 816, 818, 820, 823, 825, 826, 832, 835, 838, 840, 850, 863, 868, 869]
870: [795, 811, 816, 818, 820, 823, 825, 826, 832, 835, 838, 840, 850, 863, 868, 869]
871: [811, 816, 818, 820, 823, 825, 826, 832, 835, 838, 840, 850, 863, 868, 869]
872: [811, 816, 818, 820, 823, 825, 826, 832, 835, 838, 840, 850, 863, 868, 869]
873: [811, 816, 818, 820, 823, 825, 826, 832, 835, 838, 840, 850, 863, 868, 869]
874: [811, 816, 818, 820, 823, 825, 826, 832, 835, 838, 840, 850, 863, 868, 869]
875: [811, 816, 818, 820, 823, 825, 826, 832, 835, 838, 840, 850, 863, 868, 869]
876: [811, 816, 818, 820, 823, 825, 826, 832, 835, 838, 840, 850, 863, 868, 869, 876]
877: [811, 816, 818, 820, 823, 825, 826, 832, 835, 838, 840, 850, 863, 868, 869, 876]
878: [816, 818, 820, 823, 825, 826, 832, 835, 838, 840, 850, 863, 868, 869, 876]
879: [816, 818, 820, 823, 825, 826, 832, 835, 838, 840, 850, 863, 868, 869, 876]
880: [816, 818, 820, 823, 825, 826, 832, 835, 838, 840, 850, 863, 868, 869, 876]
881: [816, 818, 820, 823, 825, 826, 832, 835, 838, 840, 850, 863, 868, 869, 876]
882: [818, 820, 823, 825, 826, 832, 835, 838, 840, 850, 863, 868, 869, 876]
883: [818, 820, 823, 825, 826, 832, 835, 838, 840, 850, 863, 868, 869, 876, 883]
884: [818, 820, 823, 825, 826, 832, 835, 838, 840, 850, 863, 868, 869, 876, 883, 884]
885: [818, 820, 823, 825, 826, 832, 835, 838, 840, 850, 863, 868, 869, 876, 883, 884]
886: [818, 820, 823, 825, 826, 832, 835, 838, 840, 850, 863, 868, 869, 876, 883, 884, 886]
887: [818, 820, 823, 825, 826, 832, 835, 838, 840, 850, 863, 868, 869, 876, 883, 884, 886]
888: [818, 820, 823, 825, 826, 832, 835, 838, 840, 850, 863, 868, 869, 876, 883, 884, 886, 888]
889: [820, 823, 825, 826, 832, 835, 838, 840, 850, 863, 868, 869, 876, 883, 884, 886, 888]
890: [820, 823, 825, 826, 832, 835, 838, 840, 850, 863, 868, 869, 876, 883, 884, 886, 888, 890]
891: [820, 823, 825, 826, 832, 835, 838, 840, 850, 863, 868, 869, 876, 883, 884, 886, 888, 890]
892: [820, 823, 825, 826, 832, 835, 838, 840, 850, 863, 868, 869, 876, 883, 884, 886, 888, 890, 892]
893: [820, 823, 825, 826, 832, 835, 838, 840, 850, 863, 868, 869, 876, 883, 884, 886, 888, 890, 892]
894: [820, 823, 825, 826, 832, 835, 838, 840, 850, 863, 868, 869, 876, 883, 884, 886, 888, 890, 892]
895: [823, 825, 826, 832, 835, 838, 840, 850, 863, 868, 869, 876, 883, 884, 886, 888, 890, 892]
896: [823, 825, 826, 832, 835, 838, 840, 850, 863, 868, 869, 876, 883, 884, 886, 888, 890, 892]
897: [823, 825, 826, 832, 835, 838, 840, 850, 863, 868, 869, 876, 883, 884, 886, 888, 890, 892]
898: [823, 825, 826, 832, 835, 838, 840, 850, 863, 868, 869, 876, 883, 884, 886, 888, 890, 892]
899: [823, 825, 826, 832, 835, 838, 840, 850, 863, 868, 869, 876, 883, 884, 886, 888, 890, 892, 899]
900: [823, 825, 826, 832, 835, 838, 840, 850, 863, 868, 869, 876, 883, 884, 886, 888, 890, 892, 899]
901: [825, 826, 832, 835, 838, 840, 850, 863, 868, 869, 876, 883, 884, 886, 888, 890, 892, 899]
902: [825, 826, 832, 835, 838, 840, 850, 863, 868, 869, 876, 883, 884, 886, 888, 890, 892, 899]
903: [825, 826, 832, 835, 838, 840, 850, 863, 868, 869, 876, 883, 884, 886, 888, 890, 892, 899]
904: [825, 826, 832, 835, 838, 840, 850, 863, 868, 869, 876, 883, 884, 886, 888, 890, 892, 899]
905: [825, 826, 832, 835, 838, 840, 850, 863, 868, 869, 876, 883, 884, 886, 888, 890, 892, 899]
906: [825, 826, 832, 835, 838, 840, 850, 863, 868, 869, 876, 883, 884, 886, 888, 890, 892, 899]
907: [825, 826, 832, 835, 838, 840, 850, 863, 868, 869, 876, 883, 884, 886, 888, 890, 892, 899, 907]
908: [825, 826, 832, 835, 838, 840, 850, 863, 868, 869, 876, 883, 884, 886, 888, 890, 892, 899, 907]
909: [826, 832, 835, 838, 840, 850, 863, 868, 869, 876, 883, 884, 886, 888, 890, 892, 899, 907, 909]
910: [826, 832, 835, 838, 840, 850, 863, 868, 869, 876, 883, 884, 886, 888, 890, 892, 899, 907, 909]
911: [826, 832, 835, 838, 840, 850, 863, 868, 869, 876, 883, 884, 886, 888, 890, 892, 899, 907, 909]
912: [826, 832, 835, 838, 840, 850, 863, 868, 869, 876, 883, 884, 886, 888, 890, 892, 899, 907, 909]
913: [826, 832, 835, 838, 840, 850, 863, 868, 869, 876, 883, 884, 886, 888, 890, 892, 899, 907, 909]
914: [826, 832, 835, 838, 840, 850, 863, 868, 869, 876, 883, 884, 886, 888, 890, 892, 899, 907, 909]
915: [826, 832, 835, 838, 840, 850, 863, 868, 869, 876, 883, 884, 886, 888, 890, 892, 899, 907, 909]
916: [832, 835, 838, 840, 850, 863, 868, 869, 876, 883, 884, 886, 888, 890, 892, 899, 907, 909]
917: [832, 835, 838, 840, 850, 863, 868, 869, 876, 883, 884, 886, 888, 890, 892, 899, 907, 909]
918: [832, 835, 838, 840, 850, 863, 868, 869, 876, 883, 884, 886, 888, 890, 892, 899, 907, 909]
919: [832, 835, 838, 840, 850, 863, 868, 869, 876, 883, 884, 886, 888, 890, 892, 899, 907, 909]
920: [835, 838, 840, 850, 863, 868, 869, 876, 883, 884, 886, 888, 890, 892, 899, 907, 909]
921: [835, 838, 840, 850, 863, 868, 869, 876, 883, 884, 886, 888, 890, 892, 899, 907, 909]
922: [835, 838, 840, 850, 863, 868, 869, 876, 883, 884, 886, 888, 890, 892, 899, 907, 909]
923: [838, 840, 850, 863, 868, 869, 876, 883, 884, 886, 888, 890, 892, 899, 907, 909]
924: [838, 840, 850, 863, 868, 869, 876, 883, 884, 886, 888, 890, 892, 899, 907, 909, 924]
925: [838, 840, 850, 863, 868, 869, 876, 883, 884, 886, 888, 890, 892, 899, 907, 909, 924]
926: [838, 840, 850, 863, 868, 869, 876, 883, 884, 886, 888, 890, 892, 899, 907, 909, 924]
927: [838, 840, 850, 863, 868, 869, 876, 883, 884, 886, 888, 890, 892, 899, 907, 909, 924, 927]
928: [840, 850, 863, 868, 869, 876, 883, 884, 886, 888, 890, 892, 899, 907, 909, 924, 927]
929: [840, 850, 863, 868, 869, 876, 883, 884, 886, 888, 890, 892, 899, 907, 909, 924, 927]
930: [840, 850, 863, 868, 869, 876, 883, 884, 886, 888, 890, 892, 899, 907, 909, 924, 927, 930]
931: [840, 850, 863, 868, 869, 876, 883, 884, 886, 888, 890, 892, 899, 907, 909, 924, 927, 930, 931]
932: [840, 850, 863, 868, 869, 876, 883, 884, 886, 888, 890, 892, 899, 907, 909, 924, 927, 930, 931]
933: [840, 850, 863, 868, 869, 876, 883, 884, 886, 888, 890, 892, 899, 907, 909, 924, 927, 930, 931]
934: [840, 850, 863, 868, 869, 876, 883, 884, 886, 888, 890, 892, 899, 907, 909, 924, 927, 930, 931]
935: [840, 850, 863, 868, 869, 876, 883, 884, 886, 888, 890, 892, 899, 907, 909, 924, 927, 930, 931]
936: [850, 863, 868, 869, 876, 883, 884, 886, 888, 890, 892, 899, 907, 909, 924, 927, 930, 931]
937: [850, 863, 868, 869, 876, 883, 884, 886, 888, 890, 892, 899, 907, 909, 924, 927, 930, 931]
938: [850, 863, 868, 869, 876, 883, 884, 886, 888, 890, 892, 899, 907, 909, 924, 927, 930, 931]
939: [850, 863, 868, 869, 876, 883, 884, 886, 888, 890, 892, 899, 907, 909, 924, 927, 930, 931]
940: [850, 863, 868, 869, 876, 883, 884, 886, 888, 890, 892, 899, 907, 909, 924, 927, 930, 931]
941: [850, 863, 868, 869, 876, 883, 884, 886, 888, 890, 892, 899, 907, 909, 924, 927, 930, 931, 941]
942: [863, 868, 869, 876, 883, 884, 886, 888, 890, 892, 899, 907, 909, 924, 927, 930, 931, 941, 942]
943: [863, 868, 869, 876, 883, 884, 886, 888, 890, 892, 899, 907, 909, 924, 927, 930, 931, 941, 942]
944: [863, 868, 869, 876, 883, 884, 886, 888, 890, 892, 899, 907, 909, 924, 927, 930, 931, 941, 942, 944]
945: [863, 868, 869, 876, 883, 884, 886, 888, 890, 892, 899, 907, 909, 924, 927, 930, 931, 941, 942, 944]
946: [863, 868, 869, 876, 883, 884, 886, 888, 890, 892, 899, 907, 909, 924, 927, 930, 931, 941, 942, 944]
947: [863, 868, 869, 876, 883, 884, 886, 888, 890, 892, 899, 907, 909, 924, 927, 930, 931, 941, 942, 944]
948: [868, 869, 876, 883, 884, 886, 888, 890, 892, 899, 907, 909, 924, 927, 930, 931, 941, 942, 944]
949: [868, 869, 876, 883, 884, 886, 888, 890, 892, 899, 907, 909, 924, 927, 930, 931, 941, 942, 944]
950: [868, 869, 876, 883, 884, 886, 888, 890, 892, 899, 907, 909, 924, 927, 930, 931, 941, 942, 944]
951: [868, 869, 876, 883, 884, 886, 888, 890, 892, 899, 907, 909, 924, 927, 930, 931, 941, 942, 944]
952: [868, 869, 876, 883, 884, 886, 888, 890, 892, 899, 907, 909, 924, 927, 930, 931, 941, 942, 944, 952]
953: [868, 869, 876, 883, 884, 886, 888, 890, 892, 899, 907, 909, 924, 927, 930, 931, 941, 942, 944, 952]
954: [869, 876, 883, 884, 886, 888, 890, 892, 899, 907, 909, 924, 927, 930, 931, 941, 942, 944, 952, 954]
955: [869, 876, 883, 884, 886, 888, 890, 892, 899, 907, 909, 924, 927, 930, 931, 941, 942, 944, 952, 954, 955]
956: [869, 876, 883, 884, 886, 888, 890, 892, 899, 907, 909, 924, 927, 930, 931, 941, 942, 944, 952, 954, 955, 956]
957: [869, 876, 883, 884, 886, 888, 890, 892, 899, 907, 909, 924, 927, 930, 931, 941, 942, 944, 952, 954, 955, 956]
958: [869, 876, 883, 884, 886, 888, 890, 892, 899, 907, 909, 924, 927, 930, 931, 941, 942, 944, 952, 954, 955, 956]
959: [869, 876, 883, 884, 886, 888, 890, 892, 899, 907, 909, 924, 927, 930, 931, 941, 942, 944, 952, 954, 955, 956]
960: [876, 883, 884, 886, 888, 890, 892, 899, 907, 909, 924, 927, 930, 931, 941, 942, 944, 952, 954, 955, 956]
961: [876, 883, 884, 886, 888, 890, 892, 899, 907, 909, 924, 927, 930, 931, 941, 942, 944, 952, 954, 955, 956]
962: [876, 883, 884, 886, 888, 890, 892, 899, 907, 909, 924, 927, 930, 931, 941, 942, 944, 952, 954, 955, 956]
963: [883, 884, 886, 888, 890, 892, 899, 907, 909, 924, 927, 930, 931, 941, 942, 944, 952, 954, 955, 956, 963]
964: [883, 884, 886, 888, 890, 892, 899, 907, 909, 924, 927, 930, 931, 941, 942, 944, 952, 954, 955, 956, 963]
965: [883, 884, 886, 888, 890, 892, 899, 907, 909, 924, 927, 930, 931, 941, 942, 944, 952, 954, 955, 956, 963, 965]
966: [884, 886, 888, 890, 892, 899, 907, 909, 924, 927, 930, 931, 941, 942, 944, 952, 954, 955, 956, 963, 965]
967: [884, 886, 888, 890, 892, 899, 907, 909, 924, 927, 930, 931, 941, 942, 944, 952, 954, 955, 956, 963, 965]
968: [884, 886, 888, 890, 892, 899, 907, 909, 924, 927, 930, 931, 941, 942, 944, 952, 954, 955, 956, 963, 965, 968]
969: [884, 886, 888, 890, 892, 899, 907, 909, 924, 927, 930, 931, 941, 942, 944, 952, 954, 955, 956, 963, 965, 968]
970: [884, 886, 888, 890, 892, 899, 907, 909, 924, 927, 930, 931, 941, 942, 944, 952, 954, 955, 956, 963, 965, 968]
971: [884, 886, 888, 890, 892, 899, 907, 909, 924, 927, 930, 931, 941, 942, 944, 952, 954, 955, 956, 963, 965, 968]
972: [884, 886, 888, 890, 892, 899, 907, 909, 924, 927, 930, 931, 941, 942, 944, 952, 954, 955, 956, 963, 965, 968]
973: [884, 886, 888, 890, 892, 899, 907, 909, 924, 927, 930, 931, 941, 942, 944, 952, 954, 955, 956, 963, 965, 968]
974: [886, 888, 890, 892, 899, 907, 909, 924, 927, 930, 931, 941, 942, 944, 952, 954, 955, 956, 963, 965, 968]
975: [886, 888, 890, 892, 899, 907, 909, 924, 927, 930, 931, 941, 942, 944, 952, 954, 955, 956, 963, 965, 968]
976: [886, 888, 890, 892, 899, 907, 909, 924, 927, 930, 931, 941, 942, 944, 952, 954, 955, 956, 963, 965, 968]
977: [888, 890, 892, 899, 907, 909, 924, 927, 930, 931, 941, 942, 944, 952, 954, 955, 956, 963, 965, 968, 977]
978: [888, 890, 892, 899, 907, 909, 924, 927, 930, 931, 941, 942, 944, 952, 954, 955, 956, 963, 965, 968, 977]
979: [888, 890, 892, 899, 907, 909, 924, 927, 930, 931, 941, 942, 944, 952, 954, 955, 956, 963, 965, 968, 977, 979]
980: [890, 892, 899, 907, 909, 924, 927, 930, 931, 941, 942, 944, 952, 954, 955, 956, 963, 965, 968, 977, 979]
981: [890, 892, 899, 907, 909, 924, 927, 930, 931, 941, 942, 944, 952, 954, 955, 956, 963, 965, 968, 977, 979]
982: [890, 892, 899, 907, 909, 924, 927, 930, 931, 941, 942, 944, 952, 954, 955, 956, 963, 965, 968, 977, 979]
983: [890, 892, 899, 907, 909, 924, 927, 930, 931, 941, 942, 944, 952, 954, 955, 956, 963, 965, 968, 977, 979]
984: [890, 892, 899, 907, 909, 924, 927, 930, 931, 941, 942, 944, 952, 954, 955, 956, 963, 965, 968, 977, 979]
985: [890, 892, 899, 907, 909, 924, 927, 930, 931, 941, 942, 944, 952, 954, 955, 956, 963, 965, 968, 977, 979, 985]
986: [890, 892, 899, 907, 909, 924, 927, 930, 931, 941, 942, 944, 952, 954, 955, 956, 963, 965, 968, 977, 979, 985]
987: [892, 899, 907, 909, 924, 927, 930, 931, 941, 942, 944, 952, 954, 955, 956, 963, 965, 968, 977, 979, 985]
988: [892, 899, 907, 909, 924, 927, 930, 931, 941, 942, 944, 952, 954, 955, 956, 963, 965, 968, 977, 979, 985]
989: [892, 899, 907, 909, 924, 927, 930, 931, 941, 942, 944, 952, 954, 955, 956, 963, 965, 968, 977, 979, 985]
990: [892, 899, 907, 909, 924, 927, 930, 931, 941, 942, 944, 952, 954, 955, 956, 963, 965, 968, 977, 979, 985, 990]
991: [899, 907, 909, 924, 927, 930, 931, 941, 942, 944, 952, 954, 955, 956, 963, 965, 968, 977, 979, 985, 990]
992: [899, 907, 909, 924, 927, 930, 931, 941, 942, 944, 952, 954, 955, 956, 963, 965, 968, 977, 979, 985, 990]
993: [899, 907, 909, 924, 927, 930, 931, 941, 942, 944, 952, 954, 955, 956, 963, 965, 968, 977, 979, 985, 990]
994: [899, 907, 909, 924, 927, 930, 931, 941, 942, 944, 952, 954, 955, 956, 963, 965, 968, 977, 979, 985, 990]
995: [899, 907, 909, 924, 927, 930, 931, 941, 942, 944, 952, 954, 955, 956, 963, 965, 968, 977, 979, 985, 990]
996: [899, 907, 909, 924, 927, 930, 931, 941, 942, 944, 952, 954, 955, 956, 963, 965, 968, 977, 979, 985, 990, 996]
997: [899, 907, 909, 924, 927, 930, 931, 941, 942, 944, 952, 954, 955, 956, 963, 965, 968, 977, 979, 985, 990, 996]
998: [907, 909, 924, 927, 930, 931, 941, 942, 944, 952, 954, 955, 956, 963, 965, 968, 977, 979, 985, 990, 996]
999: [907, 909, 924, 927, 930, 931, 941, 942, 944, 952, 954, 955, 956, 963, 965, 968, 977, 979, 985, 990, 996]
1000: [907, 909, 924, 927, 930, 931, 941, 942, 944, 952, 954, 955, 956, 963, 965, 968, 977, 979, 985, 990, 996]
1001: [907, 909, 924, 927, 930, 931, 941, 942, 944, 952, 954, 955, 956, 963, 965, 968, 977, 979, 985, 990, 996, 1001]
1002: [907, 909, 924, 927, 930, 931, 941, 942, 944, 952, 954, 955, 956, 963, 965, 968, 977, 979, 985, 990, 996, 1001]
1003: [907, 909, 924, 927, 930, 931, 941, 942, 944, 952, 954, 955, 956, 963, 965, 968, 977, 979, 985, 990, 996, 1001]
1004: [909, 924, 927, 930, 931, 941, 942, 944, 952, 954, 955, 956, 963, 965, 968, 977, 979, 985, 990, 996, 1001]
1005: [909, 924, 927, 930, 931, 941, 942, 944, 952, 954, 955, 956, 963, 965, 968, 977, 979, 985, 990, 996, 1001]
1006: [909, 924, 927, 930, 931, 941, 942, 944, 952, 954, 955, 956, 963, 965, 968, 977, 979, 985, 990, 996, 1001]
1007: [909, 924, 927, 930, 931, 941, 942, 944, 952, 954, 955, 956, 963, 965, 968, 977, 979, 985, 990, 996, 1001]
1008: [924, 927, 930, 931, 941, 942, 944, 952, 954, 955, 956, 963, 965, 968, 977, 979, 985, 990, 996, 1001]
1009: [924, 927, 930, 931, 941, 942, 944, 952, 954, 955, 956, 963, 965, 968, 977, 979, 985, 990, 996, 1001, 1009]
1010: [924, 927, 930, 931, 941, 942, 944, 952, 954, 955, 956, 963, 965, 968, 977, 979, 985, 990, 996, 1001, 1009]
1011: [924, 927, 930, 931, 941, 942, 944, 952, 954, 955, 956, 963, 965, 968, 977, 979, 985, 990, 996, 1001, 1009]
1012: [924, 927, 930, 931, 941, 942, 944, 952, 954, 955, 956, 963, 965, 968, 977, 979, 985, 990, 996, 1001, 1009]
1013: [927, 930, 931, 941, 942, 944, 952, 954, 955, 956, 963, 965, 968, 977, 979, 985, 990, 996, 1001, 1009]
1014: [927, 930, 931, 941, 942, 944, 952, 954, 955, 956, 963, 965, 968, 977, 979, 985, 990, 996, 1001, 1009]
1015: [927, 930, 931, 941, 942, 944, 952, 954, 955, 956, 963, 965, 968, 977, 979, 985, 990, 996, 1001, 1009]
1016: [927, 930, 931, 941, 942, 944, 952, 954, 955, 956, 963, 965, 968, 977, 979, 985, 990, 996, 1001, 1009]
1017: [927, 930, 931, 941, 942, 944, 952, 954, 955, 956, 963, 965, 968, 977, 979, 985, 990, 996, 1001, 1009]
1018: [930, 931, 941, 942, 944, 952, 954, 955, 956, 963, 965, 968, 977, 979, 985, 990, 996, 1001, 1009, 1018]
1019: [930, 931, 941, 942, 944, 952, 954, 955, 956, 963, 965, 968, 977, 979, 985, 990, 996, 1001, 1009, 1018]
1020: [930, 931, 941, 942, 944, 952, 954, 955, 956, 963, 965, 968, 977, 979, 985, 990, 996, 1001, 1009, 1018]
1021: [930, 931, 941, 942, 944, 952, 954, 955, 956, 963, 965, 968, 977, 979, 985, 990, 996, 1001, 1009, 1018]
1022: [930, 931, 941, 942, 944, 952, 954, 955, 956, 963, 965, 968, 977, 979, 985, 990, 996, 1001, 1009, 1018]
1023: [931, 941, 942, 944, 952, 954, 955, 956, 963, 965, 968, 977, 979, 985, 990, 996, 1001, 1009, 1018]
1024: [931, 941, 942, 944, 952, 954, 955, 956, 963, 965, 968, 977, 979, 985, 990, 996, 1001, 1009, 1018]
1025: [931, 941, 942, 944, 952, 954, 955, 956, 963, 965, 968, 977, 979, 985, 990, 996, 1001, 1009, 1018]
1026: [941, 942, 944, 952, 954, 955, 956, 963, 965, 968, 977, 979, 985, 990, 996, 1001, 1009, 1018]
1027: [941, 942, 944, 952, 954, 955, 956, 963, 965, 968, 977, 979, 985, 990, 996, 1001, 1009, 1018, 1027]
1028: [941, 942, 944, 952, 954, 955, 956, 963, 965, 968, 977, 979, 985, 990, 996, 1001, 1009, 1018, 1027]
1029: [941, 942, 944, 952, 954, 955, 956, 963, 965, 968, 977, 979, 985, 990, 996, 1001, 1009, 1018, 1027]
1030: [941, 942, 944, 952, 954, 955, 956, 963, 965, 968, 977, 979, 985, 990, 996, 1001, 1009, 1018, 1027]
1031: [941, 942, 944, 952, 954, 955, 956, 963, 965, 968, 977, 979, 985, 990, 996, 1001, 1009, 1018, 1027]
1032: [941, 942, 944, 952, 954, 955, 956, 963, 965, 968, 977, 979, 985, 990, 996, 1001, 1009, 1018, 1027]
1033: [942, 944, 952, 954, 955, 956, 963, 965, 968, 977, 979, 985, 990, 996, 1001, 1009, 1018, 1027]
1034: [942, 944, 952, 954, 955, 956, 963, 965, 968, 977, 979, 985, 990, 996, 1001, 1009, 1018, 1027, 1034]
1035: [942, 944, 952, 954, 955, 956, 963, 965, 968, 977, 979, 985, 990, 996, 1001, 1009, 1018, 1027, 1034, 1035]
1036: [944, 952, 954, 955, 956, 963, 965, 968, 977, 979, 985, 990, 996, 1001, 1009, 1018, 1027, 1034, 1035]
1037: [944, 952, 954, 955, 956, 963, 965, 968, 977, 979, 985, 990, 996, 1001, 1009, 1018, 1027, 1034, 1035]
1038: [944, 952, 954, 955, 956, 963, 965, 968, 977, 979, 985, 990, 996, 1001, 1009, 1018, 1027, 1034, 1035]
1039: [944, 952, 954, 955, 956, 963, 965, 968, 977, 979, 985, 990, 996, 1001, 1009, 1018, 1027, 1034, 1035]
1040: [944, 952, 954, 955, 956, 963, 965, 968, 977, 979, 985, 990, 996, 1001, 1009, 1018, 1027, 1034, 1035, 1040]
1041: [944, 952, 954, 955, 956, 963, 965, 968, 977, 979, 985, 990, 996, 1001, 1009, 1018, 1027, 1034, 1035, 1040]
1042: [952, 954, 955, 956, 963, 965, 968, 977, 979, 985, 990, 996, 1001, 1009, 1018, 1027, 1034, 1035, 1040, 1042]
1043: [952, 954, 955, 956, 963, 965, 968, 977, 979, 985, 990, 996, 1001, 1009, 1018, 1027, 1034, 1035, 1040, 1042, 1043]
1044: [952, 954, 955, 956, 963, 965, 968, 977, 979, 985, 990, 996, 1001, 1009, 1018, 1027, 1034, 1035, 1040, 1042, 1043]
1045: [954, 955, 956, 963, 965, 968, 977, 979, 985, 990, 996, 1001, 1009, 1018, 1027, 1034, 1035, 1040, 1042, 1043]
1046: [954, 955, 956, 963, 965, 968, 977, 979, 985, 990, 996, 1001, 1009, 1018, 1027, 1034, 1035, 1040, 1042, 1043]
1047: [954, 955, 956, 963, 965, 968, 977, 979, 985, 990, 996, 1001, 1009, 1018, 1027, 1034, 1035, 1040, 1042, 1043]
1048: [954, 955, 956, 963, 965, 968, 977, 979, 985, 990, 996, 1001, 1009, 1018, 1027, 1034, 1035, 1040, 1042, 1043]
1049: [954, 955, 956, 963, 965, 968, 977, 979, 985, 990, 996, 1001, 1009, 1018, 1027, 1034, 1035, 1040, 1042, 1043, 1049]
1050: [954, 955, 956, 963, 965, 968, 977, 979, 985, 990, 996, 1001, 1009, 1018, 1027, 1034, 1035, 1040, 1042, 1043, 1049]
1051: [955, 956, 963, 965, 968, 977, 979, 985, 990, 996, 1001, 1009, 1018, 1027, 1034, 1035, 1040, 1042, 1043, 1049]
1052: [955, 956, 963, 965, 968, 977, 979, 985, 990, 996, 1001, 1009, 1018, 1027, 1034, 1035, 1040, 1042, 1043, 1049]
1053: [955, 956, 963, 965, 968, 977, 979, 985, 990, 996, 1001, 1009, 1018, 1027, 1034, 1035, 1040, 1042, 1043, 1049]
1054: [956, 963, 965, 968, 977, 979, 985, 990, 996, 1001, 1009, 1018, 1027, 1034, 1035, 1040, 1042, 1043, 1049]
1055: [956, 963, 965, 968, 977, 979, 985, 990, 996, 1001, 1009, 1018, 1027, 1034, 1035, 1040, 1042, 1043, 1049]
1056: [956, 963, 965, 968, 977, 979, 985, 990, 996, 1001, 1009, 1018, 1027, 1034, 1035, 1040, 1042, 1043, 1049]
1057: [956, 963, 965, 968, 977, 979, 985, 990, 996, 1001, 1009, 1018, 1027, 1034, 1035, 1040, 1042, 1043, 1049]
1058: [956, 963, 965, 968, 977, 979, 985, 990, 996, 1001, 1009, 1018, 1027, 1034, 1035, 1040, 1042, 1043, 1049]
1059: [963, 965, 968, 977, 979, 985, 990, 996, 1001, 1009, 1018, 1027, 1034, 1035, 1040, 1042, 1043, 1049, 1059]
1060: [963, 965, 968, 977, 979, 985, 990, 996, 1001, 1009, 1018, 1027, 1034, 1035, 1040, 1042, 1043, 1049, 1059]
1061: [963, 965, 968, 977, 979, 985, 990, 996, 1001, 1009, 1018, 1027, 1034, 1035, 1040, 1042, 1043, 1049, 1059]
1062: [963, 965, 968, 977, 979, 985, 990, 996, 1001, 1009, 1018, 1027, 1034, 1035, 1040, 1042, 1043, 1049, 1059, 1062]
1063: [965, 968, 977, 979, 985, 990, 996, 1001, 1009, 1018, 1027, 1034, 1035, 1040, 1042, 1043, 1049, 1059, 1062]
1064: [965, 968, 977, 979, 985, 990, 996, 1001, 1009, 1018, 1027, 1034, 1035, 1040, 1042, 1043, 1049, 1059, 1062, 1064]
1065: [965, 968, 977, 979, 985, 990, 996, 1001, 1009, 1018, 1027, 1034, 1035, 1040, 1042, 1043, 1049, 1059, 1062, 1064]
1066: [965, 968, 977, 979, 985, 990, 996, 1001, 1009, 1018, 1027, 1034, 1035, 1040, 1042, 1043, 1049, 1059, 1062, 1064]
1067: [965, 968, 977, 979, 985, 990, 996, 1001, 1009, 1018, 1027, 1034, 1035, 1040, 1042, 1043, 1049, 1059, 1062, 1064]
1068: [965, 968, 977, 979, 985, 990, 996, 1001, 1009, 1018, 1027, 1034, 1035, 1040, 1042, 1043, 1049, 1059, 1062, 1064]
1069: [965, 968, 977, 979, 985, 990, 996, 1001, 1009, 1018, 1027, 1034, 1035, 1040, 1042, 1043, 1049, 1059, 1062, 1064]
1070: [968, 977, 979, 985, 990, 996, 1001, 1009, 1018, 1027, 1034, 1035, 1040, 1042, 1043, 1049, 1059, 1062, 1064]
1071: [968, 977, 979, 985, 990, 996, 1001, 1009, 1018, 1027, 1034, 1035, 1040, 1042, 1043, 1049, 1059, 1062, 1064]
1072: [968, 977, 979, 985, 990, 996, 1001, 1009, 1018, 1027, 1034, 1035, 1040, 1042, 1043, 1049, 1059, 1062, 1064]
1073: [968, 977, 979, 985, 990, 996, 1001, 1009, 1018, 1027, 1034, 1035, 1040, 1042, 1043, 1049, 1059, 1062, 1064]
1074: [968, 977, 979, 985, 990, 996, 1001, 1009, 1018, 1027, 1034, 1035, 1040, 1042, 1043, 1049, 1059, 1062, 1064]
1075: [968, 977, 979, 985, 990, 996, 1001, 1009, 1018, 1027, 1034, 1035, 1040, 1042, 1043, 1049, 1059, 1062, 1064]
1076: [968, 977, 979, 985, 990, 996, 1001, 1009, 1018, 1027, 1034, 1035, 1040, 1042, 1043, 1049, 1059, 1062, 1064, 1076]
1077: [977, 979, 985, 990, 996, 1001, 1009, 1018, 1027, 1034, 1035, 1040, 1042, 1043, 1049, 1059, 1062, 1064, 1076]
1078: [977, 979, 985, 990, 996, 1001, 1009, 1018, 1027, 1034, 1035, 1040, 1042, 1043, 1049, 1059, 1062, 1064, 1076]
1079: [977, 979, 985, 990, 996, 1001, 1009, 1018, 1027, 1034, 1035, 1040, 1042, 1043, 1049, 1059, 1062, 1064, 1076]
